1730627007161 0.7 0
1730627007165 0.73 1
1730627007169 0.76 2
1730627007174 0.7899999999999999 3
1730627007179 0.82 4
1730627007185 0.85 5
1730627007192 0.8799999999999999 6
1730627007198 0.9099999999999999 7
1730627007203 0.94 8
1730627007203 0.97 9
1730627007203 1.0 10
1730627007218 1.0299999999999998 11
1730627007218 1.06 12
1730627007224 1.0899999999999999 13
1730627007224 1.1199999999999999 14
1730627007224 1.15 15
1730627007241 1.18 16
1730627007241 1.21 17
1730627007241 1.24 18
1730627007241 1.27 19
